1000 10000
254 532 65210
323 721 0
10 931 25970
97 825 60470
183 257 15920
889 891 0
465 927 0
860 952 23110
155 858 45620
353 425 25780
901 960 57270
259 974 5530
200 338 3690
249 715 87490
570 609 0
632 946 1240
51 949 26580
80 800 82020
367 917 0
532 962 86660
470 773 57860
269 917 61410
883 960 63760
401 761 9230
344 936 79870
266 559 0
740 897 60760
696 987 21490
586 712 0
613 712 17920
376 729 22410
203 899 75880
344 471 97690
870 933 25820
39 132 88620
33 383 62230
394 950 73070
619 669 58590
440 593 46460
166 257 24460
757 789 0
490 739 0
524 719 55410
125 244 57570
218 588 0
134 953 0
235 951 84810
716 921 22620
176 368 50880
348 873 20480
311 968 47210
485 955 30510
593 960 86210
316 616 41190
5 700 15290
533 672 31870
17 226 81160
284 572 21520
522 824 91060
229 251 98410
473 932 66670
217 354 74330
585 963 0
641 897 26810
162 335 55380
246 269 11520
435 889 42110
777 853 71630
24 543 69480
99 574 0
634 638 88890
428 903 28780
13 42 58690
770 923 27920
56 921 0
483 869 49530
5 572 0
179 951 39890
592 827 43490
548 789 83480
179 449 47730
296 447 63590
290 946 47080
379 488 35090
389 412 39720
25 533 42270
633 807 70720
138 428 11090
318 500 28130
761 819 53990
141 215 54570
806 907 0
886 945 28630
98 983 24430
307 944 0
370 787 59870
48 437 72660
18 272 26240
577 614 91490
5 985 0
762 770 4360
489 598 12720
8 876 9870
64 599 16560
72 607 37920
543 967 46570
131 361 31320
277 903 62610
712 760 0
403 838 18130
495 902 74230
303 789 97830
384 942 30540
610 651 69330
157 444 55160
352 808 0
209 409 4210
197 664 54230
124 478 56940
235 672 12280
853 975 72910
180 497 8290
125 391 18330
605 932 35160
227 830 42380
101 859 14870
106 140 0
7 740 0
586 765 0
571 914 40020
331 996 17090
261 667 97710
108 817 84080
236 931 0
72 933 97130
509 782 75530
40 856 0
304 763 83010
468 671 68370
312 990 76240
598 740 97060
247 270 56690
738 954 49670
200 682 0
334 533 82430
782 960 0
142 990 6280
335 582 55390
551 859 0
439 827 18270
51 551 14010
25 715 68940
471 956 0
403 866 0
138 522 98040
348 437 41320
427 477 81010
159 717 1690
165 443 0
245 697 70280
277 826 65930
219 787 58670
789 963 0
443 594 0
176 938 11940
611 763 61680
124 941 55160
369 632 0
243 902 78090
75 421 0
125 397 0
642 753 0
67 104 45590
373 546 0
737 759 40770
22 521 35360
511 543 97980
210 370 56240
540 670 20910
482 563 81460
142 770 0
550 552 0
433 944 23590
279 542 84260
676 849 96360
114 863 0
225 294 54820
136 755 96740
592 655 21260
271 835 42370
444 848 0
92 922 43440
314 344 67660
257 464 81510
29 960 0
453 964 33110
506 810 0
15 948 17660
240 566 75520
696 912 84530
653 782 68820
184 541 90230
136 888 0
140 427 22780
343 496 6870
8 189 31730
304 504 75330
212 655 64780
431 660 29830
233 536 74860
359 713 60840
211 365 47070
618 767 15520
201 762 30780
298 700 31840
441 763 65960
33 84 29930
172 495 23390
217 832 70780
705 876 0
520 775 31570
313 550 29340
884 988 96510
712 919 10440
326 445 5030
369 955 0
155 468 59710
427 609 14530
634 827 0
191 419 38580
36 103 13590
432 962 11240
431 683 18930
423 608 62960
388 703 65810
314 996 34990
680 713 88440
598 977 95260
681 775 86590
420 637 0
333 447 29560
183 697 73790
346 959 0
599 733 8580
59 231 74530
555 984 27860
485 651 11090
674 903 87580
102 676 69520
572 914 83890
303 722 40530
619 873 31010
266 320 32580
22 247 74760
228 481 0
415 519 93010
80 628 81140
482 833 96040
63 147 0
7 964 10920
179 611 29220
419 659 83860
489 679 37640
98 968 46620
269 459 73240
557 805 0
144 183 33140
897 984 21590
650 994 80870
10 274 91830
558 664 90460
464 671 63890
17 394 14060
509 525 87790
696 898 6560
385 588 62370
9 338 0
266 708 58760
319 519 0
176 697 0
58 678 66270
218 410 23570
804 934 0
131 160 90240
640 735 2010
107 192 1580
863 924 0
439 899 65880
106 117 28290
14 374 2690
114 831 76930
72 477 77310
536 801 84120
642 701 72410
225 291 27990
734 769 91860
594 911 66190
28 616 0
305 946 0
607 779 0
27 428 63130
196 729 12990
681 735 7610
497 910 14770
875 892 11090
107 109 34680
44 859 41560
603 888 0
91 811 0
314 479 0
212 750 0
300 817 74920
509 547 67310
104 826 53820
535 774 13420
224 433 37240
250 624 87630
494 638 10220
285 969 34630
105 798 18770
932 944 0
329 599 42220
446 637 68490
348 464 95970
559 732 88340
653 766 45290
7 928 5590
40 340 1060
312 454 35670
691 732 37870
569 756 58420
116 270 25080
236 852 92980
254 492 0
386 793 87770
590 601 0
144 537 66290
52 209 3460
155 411 12110
610 987 29330
514 602 41670
248 258 12030
300 345 59340
84 315 58770
85 226 15610
168 355 47670
38 374 41760
729 962 98040
471 597 0
8 820 63330
835 988 44130
714 902 75190
715 879 84060
146 803 0
176 719 40320
190 620 18970
444 581 0
607 727 35110
62 272 41320
72 738 22170
231 303 47540
707 993 0
780 959 58570
126 739 96730
430 862 3580
481 756 20260
118 422 41390
574 787 0
325 799 63960
563 917 73680
153 648 73180
201 372 0
532 749 0
206 643 19060
244 359 15010
82 939 49720
165 429 0
193 402 97120
795 867 21580
261 360 70040
846 854 27440
112 233 75090
653 790 50510
37 876 70780
438 853 81330
740 990 36740
520 737 36360
251 652 25890
382 787 38710
302 339 40810
340 518 83970
429 462 97780
657 853 0
35 741 97460
65 454 0
110 240 680
355 525 22720
601 927 80110
185 294 58930
226 300 82910
675 783 18560
394 413 12970
521 900 0
302 308 10240
350 618 0
500 715 18040
285 564 20980
557 580 83370
514 672 42380
7 179 79360
531 589 89260
201 775 79730
578 625 41660
247 903 27780
70 567 87420
638 865 970
135 629 99010
6 230 0
779 929 0
337 838 51820
774 945 45570
744 881 81590
51 423 67590
333 624 93690
103 458 0
281 582 31540
16 633 0
91 794 26840
413 957 67670
596 920 0
298 833 57990
566 775 62690
771 802 91010
166 851 93140
898 965 56360
358 728 0
623 820 78230
132 927 93560
679 939 52540
241 328 26960
521 729 0
534 742 8870
125 663 89230
56 118 83620
335 636 17930
385 504 35720
372 969 14740
504 780 0
136 438 21370
218 579 73260
444 610 0
148 999 22290
10 13 16810
837 941 0
547 967 97490
528 650 71870
214 676 5770
210 987 78970
67 470 80990
115 714 83760
339 408 80080
302 909 77780
35 381 92810
628 743 87630
359 800 39690
209 325 94530
776 827 94770
659 852 4160
472 589 57760
583 603 93610
364 367 3980
437 829 6380
694 875 50720
592 653 0
404 494 53270
521 885 69960
46 435 83180
113 502 29210
378 666 0
346 734 53520
42 614 76470
112 341 13010
162 261 72730
521 632 0
200 802 28920
740 748 26790
101 750 4080
640 670 0
249 958 0
693 776 55390
568 921 19280
177 924 0
693 728 24280
20 247 0
623 660 37890
320 967 0
622 721 70510
68 537 45260
491 721 31820
721 764 57720
708 770 69470
156 454 40170
414 520 23640
220 297 0
208 754 58330
43 874 0
307 766 81780
529 701 17920
346 807 98060
133 580 39320
154 652 18840
350 817 0
239 643 25830
637 871 0
351 967 4720
60 444 11460
159 794 24780
195 847 38920
15 590 28580
6 473 79860
94 690 20180
72 615 58440
234 623 38090
299 500 53320
409 795 23510
136 370 21610
379 387 91740
825 867 23760
497 937 0
705 725 7640
421 763 0
478 900 53680
340 896 80690
45 620 0
351 976 26180
414 808 71990
159 610 56530
9 538 83220
100 710 30180
557 838 83220
338 646 0
270 918 27530
89 571 73990
151 877 0
36 920 66760
734 783 64380
226 430 20220
324 617 2670
711 798 85970
143 819 84990
246 305 99260
279 806 76160
355 453 0
441 557 76320
672 985 69060
541 636 62880
545 613 57410
752 973 38770
543 555 23130
614 920 75040
69 313 57560
489 933 74990
61 858 38170
568 857 46090
489 636 0
111 916 81370
398 678 51780
14 724 44590
748 930 42890
227 983 51860
617 749 22120
22 691 45430
306 591 0
150 871 34270
375 532 7570
130 169 43780
871 893 82380
373 417 5280
64 949 16810
413 645 32610
150 913 97530
364 982 0
34 166 52730
363 905 43460
784 870 80
221 740 590
442 711 20420
507 929 51160
111 194 14960
9 600 26680
235 257 37960
133 686 0
241 729 7040
587 881 44940
26 184 4320
347 666 0
292 688 55960
205 933 47340
680 757 0
98 348 55010
92 278 87110
823 899 60010
85 184 68740
499 569 11090
648 762 12070
228 480 93310
14 204 93890
87 746 94070
379 652 85420
652 779 73160
188 673 44910
366 602 0
264 477 6510
240 918 99790
534 954 3510
845 939 23120
289 671 0
636 669 0
130 943 33560
190 377 47480
677 687 73320
825 970 11790
99 241 0
317 801 48730
552 610 0
189 238 41530
29 157 98320
29 450 91890
385 460 46310
670 729 31070
561 694 22560
76 320 99070
53 467 20940
446 897 86680
393 410 20330
146 823 23490
112 464 1630
245 564 59090
694 912 0
236 585 28970
331 348 94970
430 609 0
426 928 69340
288 500 59360
91 946 77610
256 931 63810
407 509 69810
191 598 0
300 805 0
17 642 66320
649 935 0
262 552 18470
646 663 520
115 425 0
216 764 86640
121 356 11780
498 868 0
636 838 15670
128 489 37620
413 516 30630
198 240 0
669 985 10120
345 465 88420
499 656 45130
59 486 65120
87 768 98660
76 653 72810
203 315 0
637 927 58680
318 932 44520
472 772 27260
716 827 41310
591 904 0
823 904 29540
15 19 85460
168 994 240
56 702 0
135 703 86970
283 780 96790
816 891 41290
147 952 11490
39 721 41590
8 747 85440
849 943 33190
21 428 21970
606 818 75740
699 859 72260
27 572 95210
558 643 82980
56 104 35060
68 177 10330
869 940 430
262 627 38840
77 781 0
602 812 62670
94 851 7760
294 804 9990
344 657 19310
675 787 98240
338 773 82070
168 297 74480
769 937 0
389 961 4610
290 642 21940
469 907 62930
256 413 24040
166 229 590
276 430 42830
850 992 6780
678 717 66360
66 258 34780
131 138 5320
292 559 78520
752 823 40990
327 624 66140
243 873 28870
55 230 0
458 856 0
662 936 59760
70 647 37510
430 971 0
238 871 8210
128 346 24410
180 648 0
83 306 0
356 484 37810
15 825 49830
60 241 23880
144 953 11060
64 803 0
78 608 37020
150 697 13840
399 600 18240
492 528 0
273 951 28980
145 620 38690
120 587 10390
120 507 36090
233 920 46070
34 63 0
123 709 42830
509 908 47970
118 532 38660
806 986 99670
475 929 36190
178 606 91530
224 652 90110
103 774 0
566 626 0
531 806 71640
874 970 0
112 924 0
559 863 17210
244 773 49140
857 992 72380
561 944 17460
105 293 0
9 216 73830
298 814 80080
476 503 39830
233 891 50510
404 509 21340
476 796 82260
770 794 32630
214 543 94570
239 351 0
286 669 0
576 724 25930
578 769 3730
644 708 0
368 788 65580
492 787 95480
710 812 0
117 787 0
608 766 4660
460 712 0
802 810 79980
98 767 49740
132 513 2280
401 407 77820
940 957 55440
530 806 14610
352 907 98580
159 838 3490
858 973 6890
532 580 38170
403 740 0
129 940 0
111 419 0
204 267 63760
171 693 37410
37 431 85490
831 957 87260
753 825 0
493 821 0
590 958 15870
131 724 22510
288 302 70920
151 626 0
424 922 16770
442 678 34780
525 684 65820
788 797 34880
251 537 1840
348 514 0
26 889 32810
171 462 55710
48 626 63690
689 849 49080
350 913 11360
459 734 0
137 857 77620
611 693 7160
774 907 0
208 434 0
114 168 0
105 429 37230
529 560 3760
153 844 21890
215 943 45370
937 971 98890
115 586 6380
713 889 0
123 843 61080
753 893 50020
361 880 25230
32 734 62710
195 567 7960
141 915 7670
269 623 63970
727 949 92760
202 269 65990
386 673 26880
313 363 81540
242 840 0
41 522 0
205 259 23210
551 869 80070
357 451 0
317 445 12170
190 523 37860
744 786 17390
141 617 77880
345 793 9420
441 812 32060
83 297 98260
42 417 39730
178 426 74960
218 232 52590
516 825 25340
615 794 1060
256 599 98440
456 591 60610
817 947 68540
398 825 84620
526 983 99990
104 512 40330
128 446 36920
334 857 48420
799 824 86730
454 996 87560
289 986 0
325 344 0
868 902 26840
110 254 73060
39 533 52080
236 436 10510
26 758 81060
433 595 0
89 367 0
70 193 29570
174 420 27090
109 926 58120
379 771 64280
261 659 68590
298 396 39570
409 527 820
213 734 63140
775 880 50760
601 951 73230
36 950 0
710 779 8720
328 756 3310
428 573 24670
392 667 26370
146 739 47210
446 531 19970
170 363 77110
92 258 57420
363 716 560
663 700 93820
795 927 0
597 708 48570
383 936 75220
67 314 46770
824 883 29740
383 827 0
144 757 23090
285 805 58630
770 783 67940
365 973 99340
139 296 0
135 743 51930
243 576 70980
171 754 7780
884 922 58160
508 962 39940
540 915 22720
212 834 81740
417 442 26810
471 641 30870
153 786 28970
162 351 0
106 225 83840
292 748 36890
747 910 0
568 873 96320
220 491 39890
686 856 54330
339 452 84380
362 796 70090
413 587 56930
113 148 23220
609 960 57080
153 582 60840
70 856 0
161 477 18820
330 727 0
403 544 82640
43 192 0
634 982 23330
480 813 63070
92 445 44470
372 939 60140
43 684 90870
613 981 55280
146 724 4480
16 996 69370
291 765 14440
52 850 15310
280 287 54290
189 973 0
431 513 0
540 565 19420
196 812 10130
704 870 83020
130 633 7130
67 867 71020
154 797 0
55 529 40920
927 951 98040
632 877 64120
768 977 38280
309 673 86610
374 521 33910
323 539 0
446 967 0
776 968 420
972 978 49910
422 643 17590
71 988 43890
305 659 2920
231 571 0
381 729 86710
207 721 81440
633 687 48920
680 702 66370
113 205 16440
258 497 33180
432 906 28660
465 610 24270
427 761 0
646 892 16240
98 450 58340
334 434 52530
683 848 37920
137 377 54440
385 818 0
278 661 22890
76 84 13630
256 406 97330
523 707 0
227 978 73280
30 47 88280
68 91 19120
549 966 91440
615 737 84580
134 729 9690
575 992 81860
110 391 15640
556 816 57810
285 601 20490
230 283 91370
19 26 1760
591 998 0
62 499 51880
461 947 43970
25 324 31280
342 922 99330
631 894 3010
82 525 0
142 500 87610
603 844 0
335 341 55560
457 506 34260
454 650 0
526 620 75310
35 702 15020
427 780 31730
299 653 44170
133 601 0
127 327 67130
612 693 0
245 415 0
130 665 58180
484 732 40680
126 492 0
36 535 40230
22 931 18020
526 836 0
323 703 0
24 427 88140
153 878 15410
512 581 91760
200 248 7860
413 619 64780
152 823 89570
127 703 48910
32 601 98340
636 921 20010
194 986 71360
753 762 16010
928 939 94420
158 534 51030
9 860 60970
274 980 80970
539 798 75180
14 500 74680
349 579 81670
213 533 0
376 631 0
230 979 81980
55 383 58030
119 909 53870
743 870 27940
853 857 76310
230 971 46340
306 519 24630
580 663 59530
70 528 43790
438 967 45370
345 681 59110
567 920 30610
574 823 38180
135 635 63870
43 707 0
706 919 75810
376 440 57580
32 693 59090
34 885 0
552 817 94770
484 498 71790
93 271 710
236 502 0
521 998 57890
237 374 47080
565 940 79330
235 473 2220
273 536 58960
208 831 81010
547 900 0
217 871 89580
691 865 35260
421 560 45560
147 275 51990
134 150 33170
364 838 77770
5 444 75420
434 632 3460
717 912 79290
137 676 89390
535 597 14020
358 639 7340
229 466 27560
809 889 0
315 662 28590
312 837 0
131 270 30820
768 869 59580
41 124 6640
485 833 5470
140 628 80730
577 657 0
290 625 37490
143 229 57820
634 946 6090
370 828 16960
444 710 97020
535 831 11690
435 714 56970
401 942 50460
619 796 13220
209 657 0
745 847 0
279 626 49530
371 813 65630
695 931 20470
254 423 0
904 982 73780
55 829 91620
533 713 40410
240 247 540
96 994 84920
21 427 91170
465 656 34520
220 386 12290
448 877 87190
48 411 91380
18 445 57820
250 930 32930
473 912 21270
550 957 0
61 762 85160
213 305 49620
975 997 6320
645 991 97520
255 940 20490
268 835 12160
733 744 14490
578 605 58960
275 850 10580
125 848 17720
272 279 54670
297 569 26280
441 582 0
76 607 0
258 812 91820
37 83 0
202 434 76920
526 813 94230
83 377 26680
5 259 26660
459 895 43210
937 995 43230
330 465 0
478 615 81870
133 248 43210
754 993 95430
489 892 66990
705 906 57040
247 858 97690
143 298 59610
635 749 49090
753 810 73970
146 434 92960
688 922 36640
59 558 87370
190 581 0
257 975 68910
42 727 0
30 577 28040
98 948 88680
201 468 61570
312 867 47920
472 687 34590
489 519 93070
321 524 88570
333 550 15370
449 747 28510
470 931 67390
539 703 47870
333 904 3070
898 964 61330
430 901 32090
578 616 50290
375 914 45710
534 629 68060
593 683 70140
131 140 88720
265 896 20910
323 424 0
963 999 88570
193 827 0
35 849 60630
553 720 0
439 490 92630
363 778 97980
220 765 0
170 245 25640
256 831 3530
295 424 12690
394 507 94460
610 654 56940
157 804 90820
318 529 0
593 638 52560
439 512 3340
691 726 88540
472 514 29390
31 409 66670
344 841 0
95 496 52570
856 898 0
821 832 6640
142 633 72210
101 886 7930
441 503 60260
8 116 76940
626 734 76260
178 920 0
80 213 11110
9 144 0
272 597 25430
686 709 69390
431 533 54270
194 389 0
303 330 18020
130 316 0
67 646 83080
252 660 59190
125 386 78390
594 992 13940
240 431 21040
632 914 18940
165 386 29180
329 583 35130
122 924 0
473 655 62990
89 832 0
772 933 94690
394 499 83340
392 802 0
652 871 70720
544 894 71180
68 366 83640
200 380 53360
248 393 0
771 879 11460
415 753 93730
194 605 96690
681 976 0
326 905 0
179 260 23270
520 961 18320
79 718 24420
388 901 81540
302 463 0
466 493 0
179 829 50230
454 467 10260
373 669 920
190 645 58320
146 642 0
34 190 0
222 406 64280
61 313 85570
509 768 68480
383 780 0
547 857 58020
630 807 9560
732 865 60240
95 171 70480
654 679 68260
489 821 53710
265 985 82730
350 881 65880
205 344 3120
436 667 60580
567 835 0
161 928 97860
352 831 98530
455 928 36090
587 825 40510
308 888 0
274 439 8780
42 774 39930
176 715 2810
115 879 10880
67 714 0
5 211 73380
391 539 1640
258 317 0
254 306 58810
175 795 0
424 704 71860
412 737 59760
140 749 0
237 797 95740
733 901 0
832 864 85570
17 696 74670
608 857 6190
480 546 45510
541 651 55060
802 924 99860
38 689 11610
132 985 0
150 738 63430
390 527 60190
64 433 34230
242 489 10390
193 692 0
576 743 0
150 178 24310
315 582 0
74 992 7240
755 867 82360
312 938 47930
176 233 32840
209 814 4510
276 971 23440
483 618 74370
278 951 70890
170 503 47730
231 444 78930
19 30 0
455 843 87830
389 466 0
261 526 43840
558 829 78340
507 800 93940
816 999 46270
376 916 38560
667 748 0
713 996 0
413 980 0
778 966 0
372 679 88170
163 281 45440
512 837 99830
985 997 67170
103 320 0
184 968 72630
297 779 0
627 893 56910
13 235 35260
357 453 16370
244 567 13630
169 905 0
354 737 0
316 796 0
359 749 9240
3 960 0
287 742 17480
224 522 91780
284 470 72790
331 588 0
385 427 0
166 913 46840
640 819 90630
330 888 87630
529 877 31480
332 347 60230
106 367 61780
360 824 34190
311 605 35880
273 493 88560
10 494 95570
488 987 99860
33 844 0
593 894 34890
262 747 0
91 520 99980
835 911 0
472 504 52490
667 972 75080
138 290 0
563 979 31880
88 296 4630
198 897 84120
16 84 56570
25 613 61290
379 823 0
794 840 0
106 915 39060
334 636 30710
57 326 31420
572 938 48830
467 495 73420
32 639 69390
806 943 60370
345 603 4140
205 555 87710
773 805 0
300 490 0
91 822 57040
46 306 35220
37 109 67060
142 657 49010
230 237 68040
212 499 29470
88 269 82930
511 685 48680
851 859 99780
690 818 79210
132 412 61960
104 339 97610
173 554 0
261 847 20880
638 946 290
632 760 0
172 456 62290
176 784 98870
571 911 5940
547 910 45540
6 759 7260
128 463 44020
445 928 82820
163 547 37670
395 537 62840
115 350 74930
782 785 61090
337 713 83920
588 644 37230
559 973 13980
54 469 36590
126 485 88140
49 989 89960
556 602 60060
770 981 60670
673 823 71630
500 801 54960
561 634 0
578 607 22270
117 683 76620
521 945 15530
543 647 6980
36 560 23660
29 723 41690
131 139 22490
444 570 0
210 807 42040
252 349 74670
823 857 83410
281 426 12390
403 649 76940
481 988 89110
105 566 53860
96 193 0
606 948 38210
102 714 86110
97 862 73080
145 379 72830
557 736 98420
48 164 8830
112 915 51630
298 423 81590
264 708 27380
129 386 65030
849 888 4980
292 337 0
444 829 32870
310 785 27990
302 575 43280
823 938 49170
238 731 8390
365 415 51770
243 904 18480
345 589 0
137 495 0
297 323 0
825 827 0
808 930 0
76 301 7870
149 726 59620
496 729 78230
220 285 83330
718 795 27510
701 912 26210
73 793 77640
775 949 0
732 814 51020
293 867 74780
463 633 49270
787 858 7140
672 923 4080
457 556 47430
200 995 13680
439 614 17090
574 987 64340
13 180 73730
60 592 0
644 843 0
457 641 73470
559 572 0
690 839 49680
400 815 1230
426 650 5620
324 957 33670
692 964 73280
599 665 0
359 927 86760
576 937 64980
191 431 95120
247 900 0
231 662 57480
351 926 0
96 585 92130
262 803 57170
575 606 49080
861 977 46940
319 762 0
233 792 85490
42 442 12740
683 867 26960
228 464 72320
455 908 84130
8 964 0
269 622 48790
25 248 37720
294 611 4160
137 557 9070
426 925 36480
289 685 60770
36 673 20630
188 985 46220
19 695 71820
200 801 0
164 569 0
539 717 0
340 903 22740
127 552 0
263 581 77830
296 535 61140
289 924 72270
83 908 24630
223 564 40380
117 541 0
282 904 20190
592 857 87820
135 926 0
257 959 61980
8 220 0
36 786 22520
16 245 48580
732 906 77880
81 135 14660
63 120 22690
410 519 74010
128 477 0
82 980 64110
729 774 55090
10 130 65940
430 458 66010
390 427 58160
659 678 21840
241 651 64010
753 830 0
675 731 27070
587 967 37120
509 803 44080
398 445 83470
194 804 40760
258 428 55020
397 487 11110
62 586 48530
160 313 77420
38 379 47160
147 834 56770
344 727 0
162 459 53630
455 868 69790
736 840 92410
88 792 33090
283 756 23290
344 537 20140
816 981 0
145 393 8320
52 646 83620
98 911 0
149 282 0
464 796 0
472 533 15620
196 454 50790
666 752 60260
636 802 44540
188 979 7730
360 437 65140
605 837 26470
204 912 0
758 933 99780
186 597 89210
431 776 0
148 831 52820
112 351 28340
242 479 0
308 733 93410
236 624 15280
876 976 23710
194 514 15980
614 914 33890
22 323 0
104 871 96510
305 531 30090
413 810 5890
349 610 13440
161 769 71040
391 792 0
282 514 56870
119 628 5190
410 626 5440
189 704 48470
516 676 37120
105 412 82880
161 415 68380
689 861 3520
120 870 12230
37 425 81880
36 68 12390
387 441 54490
573 647 0
292 990 58970
36 246 13990
82 417 19420
101 329 0
876 1000 51990
337 736 71670
507 727 47740
811 955 10370
187 572 0
60 612 44660
59 451 20290
408 969 19640
247 816 13130
707 936 33820
23 209 15390
55 858 36040
245 988 95470
286 315 2620
522 537 85540
588 732 44170
29 668 58480
471 506 85470
429 505 0
528 699 10580
615 837 46980
733 881 0
347 988 31110
520 696 64310
115 209 11180
178 952 55360
155 867 92920
62 821 21570
368 601 66430
447 487 36110
443 927 48440
221 265 5920
268 797 0
139 512 10060
576 685 39960
63 660 0
207 498 35290
417 854 54020
360 706 41260
882 926 34130
510 841 69660
590 837 47280
167 367 95790
140 958 29040
727 975 52340
61 296 0
381 623 34330
421 828 27680
581 684 28030
612 736 0
75 378 0
734 923 180
176 408 9570
263 688 40960
462 788 88170
543 835 14520
525 954 28890
201 563 13870
561 570 0
250 922 13960
501 534 0
14 392 71320
385 565 0
126 566 0
517 802 85410
458 663 69040
416 848 99570
149 833 76930
114 859 18920
213 575 21990
473 828 68960
598 681 68160
303 819 70520
541 776 69370
126 878 27840
59 275 0
513 706 15180
355 690 43810
224 898 0
5 846 0
504 609 0
328 881 93390
423 676 77920
540 770 0
496 714 60810
133 551 96560
171 427 99780
144 349 77460
740 894 89380
445 606 50680
123 244 59310
391 991 0
613 808 81290
677 891 95870
690 959 32790
842 894 6610
60 236 9710
479 852 99080
471 903 47490
150 632 38270
353 955 29310
43 731 6770
41 379 98290
42 885 34780
127 905 34010
1 352 0
272 753 0
67 332 0
220 365 30630
141 252 0
518 820 8490
375 859 0
299 404 73180
202 931 21520
415 742 26640
124 194 71920
612 763 4940
34 426 880
366 536 54680
196 838 56290
366 401 290
19 607 92430
921 936 62280
514 973 0
423 975 0
223 395 0
392 822 0
192 889 0
169 539 48820
497 754 41580
153 658 0
158 495 0
201 847 38530
78 829 25110
44 115 0
469 659 28960
180 768 41730
364 706 0
173 270 68640
736 884 0
558 623 0
544 930 53620
267 752 80610
154 950 19170
551 993 53010
216 312 50610
118 150 92030
53 205 0
83 840 15630
474 828 84340
364 554 14140
627 747 22790
462 613 39620
293 530 71870
488 983 89060
40 442 34840
538 736 53420
230 460 24860
470 590 61560
409 677 3330
115 854 3830
49 535 39070
457 614 21380
447 684 0
602 855 4560
36 556 13380
155 711 43930
280 737 20290
113 813 27410
268 393 85780
377 478 810
132 688 69640
444 476 0
177 721 36240
373 800 42570
406 807 32870
37 977 43770
441 877 27160
363 473 60540
231 957 0
54 449 61010
104 468 86810
826 861 40730
852 867 0
54 687 77080
305 354 95170
117 949 60370
235 728 92640
60 405 0
442 533 0
41 329 38920
566 731 15420
375 809 11960
358 445 17130
175 882 59330
309 482 47340
467 846 60730
176 987 83780
27 679 34420
394 851 0
227 437 90390
1 598 20460
48 293 0
673 719 0
17 782 87290
332 527 0
106 214 51110
489 581 11330
382 533 69530
538 695 91870
500 892 95570
792 887 71110
848 857 0
102 124 23010
345 979 80570
543 549 24640
380 835 69590
301 584 87140
238 557 96960
79 341 37420
325 719 69860
484 522 16190
369 404 0
64 875 87920
50 321 12060
509 607 85010
522 791 35110
209 828 65930
590 620 21080
482 693 0
504 802 78520
757 974 76730
99 978 40960
155 488 560
50 641 74820
484 665 48130
283 759 4780
928 937 0
687 946 29270
793 847 8330
881 943 46730
405 920 75430
298 946 32820
13 763 3320
443 689 0
211 871 23470
16 662 23960
591 909 70430
417 531 54720
44 988 67190
119 485 30670
231 583 77610
932 941 7830
423 435 8170
702 796 68890
732 839 50290
78 487 15870
535 884 32510
111 981 50180
138 909 71710
697 766 0
561 632 33370
24 372 80460
163 705 0
41 116 35530
133 533 77770
20 826 0
736 845 78810
268 899 54520
159 924 19690
699 921 0
278 881 57230
198 368 0
6 724 21030
110 146 86610
248 892 98160
393 809 4380
962 986 0
130 971 50280
365 413 10680
511 758 87120
66 147 10380
70 139 58330
119 930 30240
428 551 54890
67 158 74080
185 394 0
495 946 0
359 706 88570
234 456 9580
747 928 0
141 691 93410
239 790 52870
84 725 74110
125 591 79970
168 605 8730
372 605 0
51 425 1970
430 701 33690
333 363 0
146 721 75640
380 416 78740
385 395 36540
200 360 48490
22 743 0
509 577 84190
86 668 61520
102 551 2170
317 606 0
200 361 17110
155 538 77310
435 642 1790
906 946 0
49 612 20060
138 778 10840
55 905 30290
754 884 13980
223 420 85480
118 943 94410
26 412 8960
24 772 3810
603 991 57570
48 282 64610
228 395 60010
73 727 28290
203 265 33240
451 610 93360
230 264 54730
600 984 92590
213 695 13710
379 791 37620
226 494 65310
109 939 65880
335 882 27970
264 421 0
102 538 87920
404 537 60490
251 931 0
252 471 42160
47 954 67690
459 578 0
720 965 24530
371 901 33280
242 326 63230
532 929 68980
383 968 47290
137 645 0
336 903 0
378 383 2420
424 783 36520
88 963 55580
695 760 6580
375 867 23590
360 521 63620
17 921 75880
749 918 66230
566 826 30120
174 589 44370
292 621 16460
520 789 34070
14 466 97410
59 850 91890
769 938 87230
667 977 78720
408 501 81560
467 596 47190
7 508 0
717 811 37830
704 939 77280
120 819 6920
87 719 43490
355 750 78460
937 940 0
502 568 95210
596 845 37140
380 461 21770
565 671 8520
84 106 93370
97 818 0
446 955 74130
785 933 44220
361 499 0
427 704 91080
550 813 420
453 473 89180
808 872 88680
94 195 0
242 703 0
80 352 52060
4 906 41120
137 475 95640
117 367 97220
32 630 86630
255 508 67210
655 971 96980
171 232 77910
465 533 19930
463 627 55630
64 502 53140
46 340 48620
243 821 22810
268 377 9130
421 801 55890
208 785 0
478 946 53190
66 331 13090
25 120 65080
235 634 51440
18 977 2590
159 875 36760
67 69 0
346 743 40930
805 951 15660
288 946 94760
14 775 41630
119 696 46930
357 942 0
109 368 0
61 944 94090
61 581 82180
204 838 0
174 895 68680
408 774 83760
381 581 16130
458 779 14880
849 855 0
237 858 54670
372 454 610
871 953 0
319 339 35540
687 731 58310
101 387 85510
157 966 6430
602 807 54090
664 809 73740
200 594 37490
133 818 26920
225 603 76120
101 336 0
107 737 29140
700 803 7770
439 534 0
53 138 0
355 755 22280
60 632 0
175 746 96070
508 583 98820
871 945 75440
246 710 54190
382 728 0
56 797 83510
181 971 11330
293 833 4060
236 316 580
498 907 26010
623 966 0
351 358 87910
376 683 0
312 911 4340
178 514 86780
660 908 85830
802 888 0
647 804 65320
823 994 17570
94 487 60240
32 54 54270
280 319 0
321 874 79470
563 992 7760
800 886 2910
573 752 13580
91 236 77210
323 727 0
128 881 66740
197 957 0
161 192 0
311 748 5860
115 156 43580
706 991 41120
149 792 83170
361 921 14090
384 462 39710
169 307 98940
830 933 0
114 930 51590
35 797 0
229 675 940
205 648 57930
246 593 90010
246 526 87130
156 919 50960
794 965 57040
39 717 75560
168 775 76320
629 679 8930
296 978 94930
2 72 25740
433 553 23630
187 727 73220
53 481 62180
407 787 1960
293 448 20540
124 634 39020
260 394 93880
573 861 66280
613 773 14740
176 779 49510
550 969 19130
389 560 0
257 891 0
183 412 20870
432 969 0
459 719 74580
330 999 96230
332 733 90610
30 414 0
333 341 32230
784 891 0
452 689 35560
141 622 8880
58 482 63760
227 937 61210
109 754 31510
75 672 66310
417 651 7240
519 713 5440
521 791 99390
212 289 94760
47 614 0
181 215 76220
74 366 47410
108 902 0
895 971 73430
60 926 12290
113 848 81990
638 668 99380
456 498 0
782 945 84380
226 857 0
401 576 91770
507 545 47580
510 809 34260
221 854 72440
121 600 0
247 857 40140
673 931 99120
451 784 55480
310 953 4610
889 914 0
83 551 44280
144 168 72980
738 786 0
534 969 0
104 879 65210
124 664 0
69 723 43810
529 692 53980
278 590 19910
256 645 57320
360 970 26780
608 832 21890
758 914 1380
291 565 59660
528 858 0
345 798 0
150 644 19270
386 708 10690
347 662 56440
417 687 99140
469 756 59790
318 481 0
216 559 71270
110 449 0
256 628 15140
295 564 36740
64 760 53320
550 599 29770
359 968 33370
451 754 9610
103 301 0
193 905 0
351 955 34830
780 803 0
469 477 73310
924 953 9970
118 765 26910
515 859 59420
34 777 40710
312 548 14160
58 829 28840
547 870 36570
358 547 0
390 943 1210
536 823 24940
580 788 89730
247 886 43680
44 489 64240
425 894 8240
507 517 67640
41 526 33910
376 575 0
400 828 42960
391 909 92930
121 765 0
415 834 0
336 621 79120
121 868 31690
338 686 73580
243 603 19910
232 946 81270
552 928 20620
332 931 31240
146 635 24780
460 538 86290
209 220 42940
225 846 71030
339 957 53110
727 802 93990
208 602 0
477 732 71790
272 576 15780
189 558 69420
242 895 99560
151 426 4590
136 378 51980
657 956 0
418 584 82540
160 482 0
396 698 92290
418 772 6160
344 790 94320
851 963 97260
515 729 31260
177 879 27380
688 819 31640
704 781 33030
227 857 0
26 432 39470
639 698 17030
363 765 0
155 267 30740
672 901 0
146 812 3880
503 769 37220
20 643 18590
707 725 0
163 611 25090
227 294 9240
94 465 13020
37 588 0
209 868 16060
236 441 36280
174 927 21760
33 227 16090
334 543 0
348 545 0
67 979 99830
225 645 0
25 551 14920
429 525 48590
104 746 6630
518 905 82490
550 566 81610
624 883 94390
228 291 79860
809 920 1710
587 1000 97290
4 155 0
336 685 70920
651 660 0
248 373 3230
251 629 24430
375 563 0
138 925 6730
54 826 27310
28 239 93670
273 422 76010
71 223 56440
427 610 49310
479 591 91660
482 756 24290
168 745 89380
367 632 0
70 907 77730
441 584 360
219 407 0
201 463 52720
196 633 38310
187 705 10640
141 841 96860
9 765 52580
795 932 11330
144 962 52740
271 745 87240
642 723 96070
92 637 61680
546 714 22560
162 544 84770
117 214 0
586 778 0
244 923 68870
70 523 64520
416 461 3770
314 493 98630
675 998 34910
161 648 64680
4 657 22390
781 796 16960
245 939 0
51 952 59790
541 869 32010
396 536 99510
71 117 0
701 994 81340
290 479 54590
181 997 52480
380 901 7820
3 996 82710
142 782 36410
322 651 71870
666 695 60980
416 819 38270
138 470 73530
854 906 16130
37 449 95760
561 855 0
681 832 39280
190 838 62170
124 260 15630
82 884 4780
595 741 0
246 770 0
165 759 54970
87 597 41340
51 247 68160
388 996 37790
59 289 17030
238 275 60910
428 788 59740
305 700 79460
482 711 60670
260 642 65380
261 722 77540
157 272 19060
348 431 31320
96 797 8590
26 846 52130
114 706 86590
734 780 5990
182 384 71390
172 415 62730
352 506 90430
630 785 68710
742 992 29520
516 645 0
370 569 32590
33 117 170
85 234 0
409 620 44130
311 530 34530
486 514 73520
277 966 0
470 544 0
61 805 0
188 993 87610
70 857 6720
501 916 63790
75 409 29910
285 773 0
516 779 0
106 550 74960
155 391 32020
429 966 57560
21 940 84980
856 925 0
205 519 80960
619 702 92090
80 237 65410
19 463 0
426 807 23410
71 509 0
352 787 14930
95 604 86330
311 801 19640
208 289 60820
558 576 74120
19 672 83820
555 605 2960
139 488 96640
178 425 16870
176 322 33360
117 625 90320
272 472 0
595 811 0
123 192 73160
461 486 49240
370 607 77910
315 653 93920
577 952 0
344 903 0
388 672 25830
163 845 60240
550 809 95570
27 665 94490
25 438 0
379 631 27130
151 535 87990
85 752 87060
404 730 0
231 783 57620
600 808 65010
586 982 62580
334 578 0
382 526 5590
261 954 24420
533 767 30040
233 328 29740
137 164 20830
508 531 0
460 959 0
911 958 0
349 573 0
48 233 14460
202 398 20440
324 478 41260
1 694 79390
27 420 5810
304 768 0
152 675 60830
197 900 17160
44 764 27310
87 139 9060
561 693 32490
590 976 62360
222 414 8030
325 870 84860
424 490 52080
75 296 49390
249 827 21010
392 546 83460
291 808 73740
3 361 9370
419 877 62170
484 887 0
688 966 98980
367 766 42830
191 242 66040
371 854 28360
313 759 0
195 200 58960
637 739 55070
362 655 30190
384 484 0
686 789 0
157 653 75430
176 766 0
49 878 44570
177 197 99640
221 544 41020
217 987 0
33 128 33060
360 977 70560
457 912 55780
675 776 23560
415 761 94230
67 727 58780
429 968 31370
121 301 38530
46 47 49620
147 417 41370
343 684 52430
199 477 35060
101 823 62390
275 779 74890
119 251 0
462 671 13210
39 346 57990
655 917 54890
443 574 24120
1 723 38430
443 757 97410
184 746 39590
360 959 21540
301 783 69380
598 841 23590
91 105 87520
103 694 78370
36 507 72340
771 1000 92440
946 973 76130
118 749 33420
297 978 48410
20 812 62140
53 549 67680
408 600 67880
216 408 0
116 126 0
483 535 86410
453 711 62320
19 175 48510
615 643 55980
610 764 16360
433 622 67560
96 687 620
312 536 48130
178 483 15310
166 313 89360
156 514 18180
618 669 57680
925 983 90670
437 975 87580
212 505 54510
156 689 97260
548 603 49890
424 625 0
394 442 0
262 997 83590
285 961 18580
319 379 0
388 472 0
645 926 90620
777 967 28030
218 380 82210
217 387 0
202 444 72980
743 890 28840
477 697 69040
418 497 0
19 853 40630
964 967 0
106 172 82910
446 868 55230
50 658 29940
54 653 59630
279 969 73770
363 629 19910
290 491 74940
196 534 99980
562 824 31630
540 644 11670
24 927 20160
2 49 23080
326 797 85830
451 916 79240
356 362 87030
483 696 56110
20 29 78090
452 891 96620
86 949 48730
110 907 0
415 680 0
188 786 83860
118 243 49640
146 194 0
353 654 53580
843 848 87110
50 545 94590
783 796 8670
529 820 25740
303 422 29160
344 846 58740
722 896 58170
56 956 0
61 549 0
64 873 0
163 325 10570
131 421 0
270 951 74380
474 830 88120
100 750 0
40 544 31990
14 883 0
3 621 0
169 586 0
250 854 0
381 995 87740
555 956 0
154 332 16020
58 138 0
251 474 8460
526 944 0
372 762 39160
126 512 96720
316 733 96780
509 841 64620
435 976 21660
646 691 76630
548 734 87130
279 618 90640
330 416 26160
342 703 44920
361 951 76960
147 362 0
438 447 10830
86 764 23540
455 864 38990
176 641 12640
219 426 65090
294 372 0
448 851 0
623 686 74210
681 1000 75070
358 971 42340
244 435 64710
720 948 24130
130 336 0
609 904 80890
654 806 32330
632 943 51270
19 90 45020
368 556 73090
13 431 29590
37 69 36240
54 471 66090
552 694 0
185 805 0
690 967 27410
120 292 34880
87 304 16840
629 730 210
102 692 19310
544 887 0
168 628 70240
120 755 9490
395 711 78530
134 277 65090
141 741 0
158 273 60820
28 312 31810
272 820 8870
90 718 0
275 371 0
283 938 0
437 907 76970
474 720 73320
251 522 0
394 468 39780
217 494 51310
501 865 33330
102 602 0
618 999 0
323 791 0
175 431 27780
930 934 39630
495 765 97560
368 463 36470
94 622 73540
658 686 15280
433 662 50270
184 729 98810
341 555 78510
131 591 50460
121 651 0
154 589 41180
124 311 92040
435 701 97290
432 981 44070
283 683 5580
641 891 9670
304 869 81060
231 629 47290
296 349 91360
113 432 33490
526 955 58010
178 925 0
427 872 77010
309 853 0
612 614 11970
529 989 75220
92 413 93010
297 377 0
568 615 88080
191 359 0
152 423 51180
152 636 12970
204 986 47780
426 539 22020
231 963 75880
42 981 49880
190 579 6310
198 892 0
55 962 41780
146 650 37130
1 365 51260
444 734 76280
468 488 0
568 792 0
239 564 0
57 831 32240
823 905 0
386 558 0
76 769 0
536 737 20440
379 442 51580
79 576 28840
395 736 92230
160 499 0
96 274 93860
731 873 79640
589 805 98670
204 626 85170
207 770 0
74 486 39410
461 560 39370
254 279 11530
237 565 86360
635 893 65910
56 868 84680
886 893 0
294 877 58620
206 838 0
273 673 96290
512 947 0
132 752 0
676 907 0
744 958 0
496 731 85210
11 189 84910
77 732 33880
365 393 8490
732 878 55740
395 497 0
157 816 8560
912 969 63020
103 685 53590
10 148 54720
251 683 81130
42 328 43020
208 394 15660
569 910 29520
466 585 23690
232 243 53180
843 980 96080
264 808 9630
170 556 0
426 738 80190
773 906 70140
90 853 81280
781 991 0
511 632 0
83 175 12810
649 693 93830
33 1000 58870
60 644 4960
633 793 77890
176 786 79810
95 534 74370
661 970 14530
153 307 45260
391 443 14630
291 495 76310
73 410 61310
364 370 95520
288 439 36990
351 444 0
78 645 89140
58 892 8270
630 789 82220
53 419 0
137 209 97810
178 734 40540
39 281 0
573 584 25070
40 412 0
562 618 91720
475 985 6120
254 439 3980
55 151 65280
199 685 34160
204 358 29720
160 242 35560
714 832 22170
250 701 0
99 333 49340
138 598 47790
144 275 61040
54 124 0
244 570 60110
106 527 15180
30 288 67460
254 432 32040
195 874 0
883 926 27460
478 592 56710
150 958 26910
306 866 0
254 907 57120
120 471 12060
130 480 44210
429 762 97810
120 132 45590
382 861 94910
376 549 32770
21 535 0
54 734 0
930 938 45460
144 178 7130
352 547 4690
689 708 5920
163 870 29580
228 368 34060
170 314 29680
103 253 17780
572 665 38110
121 831 76930
396 667 0
184 428 93920
251 370 9360
99 953 20310
377 407 37790
318 331 48240
241 395 4730
6 530 14810
113 822 36810
400 959 73030
327 567 0
227 329 37860
852 996 0
464 750 21690
323 848 0
277 516 96310
427 552 4570
871 955 0
310 354 0
604 952 0
109 529 74490
41 236 16590
141 338 91010
173 700 45160
595 786 74810
609 856 0
284 793 98680
169 532 29540
373 866 0
113 876 66610
676 761 94470
208 857 23540
142 164 43220
54 491 77280
91 461 0
259 511 6810
611 790 7510
63 554 0
796 874 39460
940 964 30220
33 587 0
562 840 94160
259 996 0
304 938 67290
748 949 96430
116 208 40830
379 979 88870
899 937 32710
677 752 34710
451 981 73780
239 698 84540
669 747 0
35 502 33880
1 495 75720
352 493 8090
586 824 40580
31 879 99790
293 594 0
190 267 64280
244 408 46310
878 966 11130
132 366 43480
922 975 87080
23 595 91920
736 745 55790
281 901 80840
83 844 62380
221 242 11720
35 956 97990
58 847 15410
631 889 33570
5 633 61720
248 626 7540
52 284 0
268 514 76370
590 970 90640
97 218 95680
87 833 33380
347 647 15910
298 317 25580
160 450 76790
93 285 24970
700 913 69480
88 206 90040
740 978 46660
106 916 97970
141 696 76330
116 421 57730
575 791 17280
136 666 67480
142 859 21140
930 975 40930
456 646 14890
866 937 30520
386 431 0
905 969 86620
142 531 94190
518 807 96070
629 691 0
426 666 0
343 651 77360
832 886 69460
771 855 61860
518 927 0
268 795 1160
385 678 92390
166 200 70740
75 208 23880
573 850 78190
299 831 98010
194 378 53560
53 95 0
154 163 57930
236 669 0
946 954 3430
576 899 61040
306 758 57280
376 586 0
108 301 880
510 810 27830
418 797 0
751 910 0
528 740 36980
159 604 97540
48 778 20260
51 560 23780
317 817 28770
518 811 0
225 395 66080
31 738 18360
144 468 18230
115 200 1070
820 934 33320
200 750 20030
441 977 49940
704 786 22690
213 271 45890
444 538 0
200 386 49210
205 267 16270
410 783 41180
714 865 0
152 692 75370
642 846 0
682 966 49020
97 852 71740
129 928 0
312 840 57040
509 696 4740
64 222 0
99 630 99480
262 614 22870
432 482 15670
221 905 49140
95 532 11510
603 784 66290
30 564 0
742 803 30760
77 437 21680
133 822 27670
493 687 0
537 750 39860
190 858 32040
376 472 58590
464 845 87560
333 668 24630
7 253 48990
576 984 2040
450 766 0
316 972 3220
306 438 52880
506 547 97320
301 331 19220
104 318 50730
74 368 85720
403 480 61280
128 714 7440
565 597 14930
143 181 42170
179 474 0
450 968 68440
4 957 93090
336 339 92130
627 852 0
127 280 14410
101 932 87530
167 380 0
415 523 94080
558 780 36430
319 632 29130
342 832 92020
411 522 75180
173 826 0
606 638 72020
652 1000 8730
518 663 50340
382 711 64890
486 738 82310
363 851 63820
35 554 12470
71 320 76430
167 433 12740
445 843 12420
746 835 19880
638 873 59620
437 701 82870
167 817 0
82 707 75710
510 742 0
124 164 4590
633 726 8020
169 874 86210
111 988 40860
83 640 79980
338 947 0
308 317 0
335 583 68520
297 457 72120
986 990 18880
532 755 10790
297 843 18090
166 528 17040
109 921 0
353 913 10870
791 991 83460
381 597 90180
541 807 0
96 507 85790
541 888 38580
492 566 0
443 892 9520
19 863 30860
471 490 77110
230 376 8190
402 907 81620
8 615 3170
93 904 81880
348 804 8780
885 898 10230
596 895 5940
125 882 9570
177 383 81120
25 597 17410
13 280 26470
49 478 0
79 129 46480
801 887 44980
280 385 86660
377 521 26360
203 518 90330
103 333 0
274 773 96560
455 609 99470
334 829 34070
654 876 31230
329 986 58560
761 966 18030
16 715 0
91 715 17590
740 845 61940
241 708 3770
261 368 12530
445 811 0
254 407 66060
606 851 58560
109 863 97740
330 503 91140
95 407 40290
41 607 75730
73 571 22020
349 413 0
477 701 69020
124 446 170
481 860 0
317 954 80610
345 491 3930
397 745 87440
750 824 68480
133 367 0
525 744 99380
109 860 39760
551 718 44510
259 968 330
608 816 90580
229 569 0
310 700 52370
85 616 79740
11 444 18840
232 303 28620
49 738 32490
88 421 0
296 982 46330
30 115 6370
539 712 61880
154 828 65320
494 917 88960
53 233 0
532 845 0
243 817 28120
53 825 32920
666 984 36770
152 889 27920
2 832 95540
454 765 20340
121 998 0
634 949 0
265 626 92790
569 753 0
506 844 0
30 760 34620
878 939 0
569 807 10420
7 762 0
178 703 45760
73 856 30510
384 849 45780
99 991 54110
121 210 76340
193 267 54980
236 825 0
212 950 64660
501 622 25280
103 488 46260
461 898 0
225 416 80480
54 890 98520
714 834 76580
255 620 70520
818 879 98180
4 278 0
821 898 35590
36 368 7460
256 749 1940
49 768 0
239 692 0
649 980 65620
25 554 47690
174 258 7390
425 849 91510
325 463 55030
549 988 20920
866 928 18740
433 589 98490
855 874 97990
686 933 51380
294 800 31060
308 889 98010
393 426 99460
8 971 95730
236 963 35320
212 873 54830
176 266 38760
267 535 36570
325 940 71520
277 967 59510
303 804 15260
688 711 68620
512 900 79230
288 607 63890
216 432 38640
38 853 12970
363 628 1220
32 480 0
478 620 0
329 354 0
9 34 81860
449 651 79080
431 706 41970
586 777 0
815 876 21120
207 322 0
392 692 0
418 475 15020
758 908 44130
70 703 9760
413 754 43840
431 722 0
449 664 0
330 513 16280
180 908 28090
128 790 43280
560 978 33160
219 779 79910
132 493 0
286 439 0
404 774 94280
608 877 0
14 831 47980
145 451 34740
517 859 0
93 399 0
239 376 14930
702 875 88060
555 604 18090
147 934 75330
110 171 0
134 453 19570
164 361 6630
574 965 22660
110 649 13560
131 793 0
178 217 94820
99 334 55980
702 738 56670
407 740 0
426 776 87740
372 987 60870
200 753 0
180 620 72280
221 257 0
860 891 19810
283 988 74220
496 850 28060
476 545 0
265 803 81870
109 317 39370
70 649 31720
18 991 81210
422 635 96240
229 339 26270
242 360 88830
284 623 4290
85 365 21620
103 189 16890
454 714 59070
55 123 19860
153 480 0
737 865 0
18 477 19610
599 741 0
419 508 79340
30 717 50390
215 728 80570
99 479 36070
109 961 71330
15 969 92960
233 827 61520
362 726 51640
35 62 7690
7 463 61610
383 689 73280
107 760 0
139 835 13130
238 751 68580
352 469 0
812 853 18160
106 427 49840
838 924 9060
770 940 0
796 824 92010
633 763 82610
245 249 0
6 970 9230
166 720 78540
175 237 56110
110 210 19240
76 867 80330
259 454 64770
405 898 23730
33 936 49140
39 486 0
426 779 90030
43 260 0
302 688 12310
226 754 23420
95 219 0
276 676 19920
128 584 53780
512 860 52220
104 703 46970
164 889 75660
153 180 0
143 614 0
125 846 90770
169 843 0
315 852 0
479 940 86530
201 438 85240
74 396 93960
450 828 0
488 755 65270
134 294 92470
424 829 14970
431 652 72130
355 988 53360
161 905 93920
146 337 590
44 441 57430
137 529 240
294 418 70370
40 216 90220
513 534 93670
459 937 0
168 880 76890
116 211 85220
540 752 56510
268 452 35770
685 962 46280
457 797 82160
273 648 21140
833 850 45130
723 984 9420
413 709 46220
174 429 87240
564 604 96390
431 573 0
321 687 11260
442 907 78240
365 824 18530
42 949 95410
446 520 46180
781 821 16620
56 581 0
36 205 75910
671 805 0
156 901 94080
95 361 23220
32 34 90920
258 616 0
638 760 3630
515 567 0
106 265 52960
476 490 10020
11 273 0
165 512 49260
584 732 16110
857 887 77280
395 813 80820
11 872 92780
412 850 52930
131 420 28560
558 966 46420
70 327 53270
445 525 0
894 944 79380
178 432 34180
78 760 21570
612 828 17390
659 686 58380
263 849 18110
247 402 18670
468 531 8580
213 813 79410
50 639 10680
681 743 67470
107 626 47740
317 480 230
343 569 96440
131 892 18990
454 471 9720
572 965 43840
468 848 94910
25 469 30630
501 880 44110
109 458 89120
639 640 72720
13 772 62070
697 969 34610
553 590 18170
56 877 45140
15 807 63030
419 615 16780
24 989 24410
170 976 38440
747 801 55910
603 735 2570
588 762 7590
241 551 62330
360 420 67010
11 398 77570
137 354 51880
172 173 63680
523 733 71310
31 138 99420
455 529 12010
872 992 0
500 620 11130
251 307 63790
240 951 90480
682 980 66580
274 391 0
233 799 56990
483 997 34480
272 738 19580
690 823 99510
293 956 44370
494 683 88370
91 371 82910
519 962 90740
457 669 47630
365 868 0
249 712 32170
62 384 16380
83 761 0
119 903 33060
10 473 8340
384 559 41940
146 237 46920
82 399 57360
351 987 0
776 812 83140
149 763 9810
77 795 17360
415 435 88810
58 780 0
227 981 68320
304 877 91620
369 932 60
703 764 0
340 901 370
412 989 0
308 434 95170
327 818 58160
435 988 91360
266 856 23570
223 377 95580
573 598 88170
501 642 81590
68 159 18820
126 749 3420
424 689 38080
161 590 93260
406 980 44010
122 135 48980
173 423 36530
252 778 520
423 577 11910
271 313 33170
51 843 78520
107 441 29240
325 774 0
230 295 89030
220 395 23810
494 589 24880
18 475 0
718 803 53080
178 373 46570
245 287 0
91 897 96890
782 817 77180
194 719 0
599 969 53060
911 932 39190
92 831 7590
221 691 88660
562 878 15520
12 577 3680
578 648 9210
285 943 87990
917 945 50270
652 720 19840
236 357 25470
885 889 65560
474 597 0
316 822 54190
288 559 82970
496 804 0
38 511 20540
506 634 28020
458 927 0
837 849 0
627 871 70340
400 538 14760
26 781 0
281 849 60530
40 177 78110
428 996 27060
619 952 84940
711 809 0
882 925 36930
154 897 78520
262 355 17780
3 100 0
236 489 89190
317 981 96770
197 911 0
465 524 72870
98 741 0
59 810 0
119 916 4580
76 410 23630
191 769 38430
722 886 0
361 721 60190
75 583 52940
179 533 45710
16 395 68690
374 754 81390
317 867 0
375 831 52720
761 898 46890
293 674 57310
571 704 0
452 686 62230
57 638 59970
167 269 54770
361 754 26940
376 716 11430
141 963 93570
546 723 53570
893 940 0
129 407 62130
504 596 0
241 700 47870
586 876 92930
235 791 92460
228 832 1970
235 554 13490
405 720 31310
237 581 84980
140 440 20690
872 965 0
342 500 0
45 640 34110
254 717 29070
698 990 24030
698 904 54960
137 505 0
198 943 13430
902 939 74440
32 941 43060
71 177 56930
767 861 0
106 763 18120
651 958 92670
581 739 13260
820 838 60380
611 708 26440
599 668 46730
22 351 30190
283 454 36320
2 756 93830
86 608 75730
190 817 18820
431 919 47180
110 767 39280
263 401 0
155 229 34130
885 976 25070
622 766 12190
307 565 0
516 802 83090
544 851 66680
700 845 96230
126 131 87330
37 334 66780
237 437 36370
242 909 0
405 789 18240
6 838 62590
629 661 0
33 101 37990
363 811 0
395 714 0
431 725 52070
459 983 28040
862 950 41830
176 476 54360
473 744 54690
60 304 50740
505 881 56960
12 793 98240
236 634 9770
61 244 38570
568 606 23120
458 698 15970
284 528 41960
369 879 90640
136 176 71160
55 185 9190
60 419 0
83 983 50310
512 672 93880
670 738 15680
158 635 0
630 645 0
232 698 35020
419 950 47520
917 993 24770
461 687 0
15 335 39060
816 992 0
45 862 17240
534 906 81390
149 312 38670
229 849 12520
547 726 31360
82 436 80220
222 730 81610
19 507 27640
247 253 62510
276 892 0
55 423 0
447 913 77280
756 824 0
360 974 0
445 777 21270
76 796 55420
828 954 38670
112 949 49440
193 257 27460
61 337 59630
216 259 98340
500 977 42740
488 967 99080
357 690 7510
51 846 0
544 921 16270
231 418 89120
385 835 82920
14 614 43840
144 502 410
541 722 16940
285 825 84320
85 562 0
788 891 27380
499 644 79380
84 652 42030
239 998 0
619 927 52470
303 573 62130
296 359 88170
576 793 86260
314 568 64940
167 548 12120
473 911 0
10 537 86860
540 922 69140
560 880 92310
11 950 0
822 897 33620
33 798 41510
528 752 0
267 843 69420
390 806 39630
181 399 420
593 706 96170
331 378 1460
230 700 95840
617 653 0
97 796 41220
336 934 94320
56 166 51530
785 807 39930
155 390 90280
462 577 47980
207 631 2390
325 613 74170
375 398 10740
312 405 41040
320 451 15880
154 232 91130
341 444 6020
42 181 66080
169 577 67820
768 847 0
70 939 2930
197 579 89290
303 372 14820
389 504 42780
84 668 31980
355 458 80760
822 840 28730
99 202 51190
155 906 98390
597 744 2970
108 162 27470
408 988 68020
170 647 19820
160 599 42860
388 565 0
206 579 97270
485 515 24870
124 719 18860
542 780 31770
334 602 96180
404 413 0
268 505 81470
496 626 0
853 867 360
372 761 27610
260 903 96430
207 724 99060
654 686 36870
316 337 760
617 631 42480
143 787 10690
288 742 55960
374 678 81560
351 479 49720
64 358 65630
474 642 83720
892 961 62030
856 862 87920
62 128 55730
553 852 48990
150 422 92070
397 956 56940
288 440 0
333 883 68030
522 808 36840
173 434 40520
157 201 50330
352 659 87960
181 690 78830
695 798 30610
205 698 85120
254 748 45420
165 848 4310
445 707 22840
133 956 0
278 824 64440
27 437 57840
191 672 64940
19 824 58230
515 842 92210
515 764 77630
168 496 63490
240 563 15080
569 902 87820
620 967 78920
156 519 50360
151 260 96220
300 364 0
205 459 86130
92 257 14430
290 597 0
352 777 57690
332 746 10140
216 837 0
78 759 86780
73 607 15660
340 484 12030
486 952 7070
225 863 20080
488 597 43780
300 671 75360
848 940 15370
189 527 87010
390 890 45440
10 423 37410
90 709 58280
634 881 0
364 637 0
371 535 930
116 971 94710
250 303 660
369 607 35940
100 579 80870
701 817 11620
386 480 0
391 687 30740
290 335 96520
529 921 0
99 562 10330
292 491 83330
145 832 94410
326 755 0
15 65 0
434 973 83120
493 761 95770
47 818 55860
258 850 61920
344 774 94760
417 570 3770
550 976 83580
464 681 58240
676 955 49110
785 920 77890
518 733 8280
68 229 3230
400 452 86360
738 918 42980
443 767 72090
543 900 0
142 237 0
81 669 0
348 457 27370
540 548 0
300 301 63230
464 965 0
236 748 66230
561 935 39430
25 288 32870
63 817 0
119 709 0
677 903 0
124 518 97020
642 793 60990
106 556 0
28 568 20170
47 885 10160
328 607 30160
273 563 0
353 696 16740
300 396 41890
445 965 92180
235 242 56910
635 912 0
271 944 64790
66 788 69860
675 760 37430
79 260 0
44 509 93010
295 919 25240
235 299 77480
478 600 95690
292 582 93060
188 564 99290
325 776 95060
806 811 69620
216 511 15410
904 964 32180
795 874 42010
306 718 0
807 928 61560
308 710 62120
262 548 64020
673 841 0
257 772 19380
138 939 66290
362 772 0
147 604 61780
571 706 32620
80 271 8520
477 496 2970
794 981 0
27 442 72270
76 812 21090
733 832 0
40 140 76290
315 429 11290
167 662 85990
6 458 0
302 871 74470
441 786 0
134 934 40960
514 823 0
317 327 14530
300 582 45310
334 425 52230
514 900 0
415 842 11910
318 417 57380
363 867 47910
104 527 83480
189 915 26020
63 746 0
772 952 65790
377 598 0
235 917 0
334 603 15370
138 238 29190
10 662 44580
524 666 10960
455 900 46670
277 623 37190
164 379 82970
470 651 0
932 948 22090
148 226 40940
87 116 22760
326 582 0
558 660 33020
264 831 50480
204 571 0
153 251 29410
619 855 0
38 423 92320
354 586 43040
538 921 5090
158 723 5280
304 412 6180
482 700 43660
120 148 24230
191 440 0
264 273 0
33 46 57410
120 328 37110
559 689 22970
446 866 27730
21 444 88310
554 724 93880
225 528 78590
324 447 72560
616 653 85120
175 958 38120
55 504 12520
22 202 0
526 945 82490
24 838 11010
164 857 18980
678 843 4660
860 969 92880
425 531 0
333 845 22290
500 975 64060
467 670 92980
458 527 0
36 267 75390
572 864 0
413 742 14680
32 273 76120
466 746 38840
358 406 55270
20 674 15490
636 689 0
535 772 7170
132 879 24010
72 388 86370
148 213 93960
111 445 55770
499 831 74210
632 802 57180
315 836 33220
837 880 31980
361 613 54440
436 495 9310
554 708 61780
127 555 0
303 581 42690
758 982 75380
850 866 81360
15 42 80280
149 478 24280
471 644 64320
197 233 3240
340 585 3560
290 795 17510
753 759 27320
123 323 0
542 935 69640
283 651 33030
178 192 0
585 971 59580
342 498 9140
610 829 81390
481 644 1210
60 178 11170
437 676 88980
373 863 82160
173 980 43790
364 508 0
101 604 0
484 758 63630
21 912 94880
105 207 74340
394 425 9040
188 472 80360
374 912 58770
351 595 0
536 574 0
646 932 0
140 201 6780
35 41 77490
421 634 53690
189 756 40140
170 633 0
447 784 0
261 888 69620
415 991 61480
856 969 13720
193 853 98480
68 187 79640
12 632 34130
249 872 0
147 328 51630
66 91 86670
17 717 45760
39 224 0
187 828 30810
622 958 57330
281 450 65230
760 903 17440
342 807 0
63 654 73510
178 322 73530
925 985 0
291 948 0
660 716 0
139 788 0
639 701 19710
49 619 38220
701 820 0
473 925 15380
198 519 93160
232 914 0
25 171 82980
503 746 57810
403 964 0
230 721 70290
273 909 38720
378 788 0
216 848 9820
260 668 67040
473 897 93240
235 936 96820
53 442 15340
198 978 55210
652 794 92260
189 822 0
889 953 89220
926 936 56820
123 495 97560
170 411 51980
401 493 0
136 155 130
583 633 81460
402 871 49610
172 482 1910
575 804 12830
242 865 85640
534 752 47680
432 867 34430
62 150 0
429 441 86110
509 653 20070
275 677 60990
788 905 0
519 795 76630
124 929 81920
767 976 0
52 483 61880
189 420 38630
716 852 1170
909 953 40430
154 294 46940
258 259 17560
619 748 47760
654 838 66890
595 944 0
699 941 51690
758 770 82260
919 926 94480
219 331 67340
193 969 55690
367 476 77040
603 663 63490
6 905 33410
525 735 69970
209 887 38130
164 711 96940
786 824 20540
241 652 49170
454 507 11930
564 988 9470
137 433 0
349 644 4020
248 726 96680
158 661 54730
284 871 0
67 938 13490
205 866 0
84 565 0
55 792 90990
341 884 51530
632 906 30510
47 385 20340
141 422 81280
250 632 0
365 855 10920
48 672 14860
551 561 86130
138 534 50890
42 346 39540
461 563 57720
90 452 70520
107 302 0
298 647 59760
249 586 74310
189 695 98670
226 303 29040
12 197 22770
739 960 4790
344 962 73180
29 90 37670
51 383 78430
393 432 36580
381 683 98270
211 864 48490
175 364 54790
584 829 0
194 471 73770
194 308 390
721 964 38520
239 570 36590
99 326 9160
50 572 92090
11 542 37560
13 224 380
457 947 0
78 430 85780
205 774 15320
121 416 39080
546 642 92410
369 980 0
122 801 97510
54 702 5340
529 598 0
35 564 89760
101 757 31990
172 601 0
879 891 0
218 898 0
125 572 30280
238 723 79670
559 877 45920
116 549 68060
596 875 9540
678 751 0
428 688 49460
249 927 93890
72 813 54740
822 1000 10640
104 737 51940
478 651 0
737 919 70060
182 645 44160
660 779 41240
702 816 6440
42 156 0
468 559 78730
102 948 64610
365 908 0
427 770 20
247 769 5420
671 896 0
157 390 51360
117 743 97970
263 860 0
309 680 74770
6 117 31890
441 998 90110
717 747 94060
184 386 49380
218 925 59010
703 883 20310
690 905 52880
111 231 67990
358 747 0
130 283 93030
746 781 39270
407 530 55660
216 842 52060
192 993 82790
632 978 91080
112 614 37890
8 286 0
157 900 35690
281 344 88340
7 743 19360
169 993 34730
90 410 0
442 926 45790
170 729 5010
85 549 70710
702 882 0
38 497 0
36 482 0
256 416 3680
451 573 0
612 720 25370
754 810 51410
122 401 47340
546 652 75760
387 724 0
503 528 21720
295 824 0
43 258 6620
134 337 0
100 284 67030
378 611 17310
523 743 18930
509 790 0
40 685 90480
96 388 50170
137 161 50040
692 857 68820
90 516 43730
424 773 34360
489 708 13920
81 134 98860
197 382 56870
169 349 44890
538 781 51660
274 738 0
208 878 19090
808 957 0
731 791 12680
203 700 26820
20 121 0
315 580 14480
731 799 89490
82 93 8390
392 941 1070
28 145 68610
206 569 55820
69 525 81280
8 479 0
15 86 78630
734 871 46610
469 548 35640
113 129 16880
527 918 60920
391 753 66920
145 908 52570
595 775 76060
209 927 85530
205 816 42260
497 801 10720
241 1000 89540
104 627 15510
301 808 53140
212 248 0
99 684 85620
660 829 21620
130 196 17230
614 631 27420
434 701 96660
409 737 0
567 607 0
359 954 0
563 571 60410
504 580 64490
57 244 60540
712 882 52590
131 341 43240
377 653 86640
567 788 32030
192 794 0
547 878 50880
21 547 74610
794 952 39060
274 484 0
187 721 0
175 221 0
306 433 52820
706 746 0
122 275 93990
566 900 52530
708 731 0
440 579 19820
773 885 11210
705 819 57630
155 295 99090
138 801 52390
468 593 71970
349 916 16380
622 993 85840
736 748 68580
499 878 85640
358 558 20490
630 948 13670
405 670 56470
57 637 6690
129 733 67910
542 792 23510
688 708 36490
731 924 86480
424 626 65670
691 985 0
748 875 3190
93 252 13740
76 595 42330
85 904 27270
124 837 85790
542 578 82730
518 851 18370
530 683 84890
9 474 0
26 693 10280
16 806 0
564 798 52580
328 583 56870
215 770 21190
226 548 0
712 813 0
640 876 61020
115 526 0
343 963 83930
222 748 85170
26 217 88430
83 506 41940
201 939 0
155 653 0
491 704 96170
30 995 98830
642 666 0
76 128 37080
825 913 10740
292 946 91610
221 917 0
796 947 0
300 701 0
5 860 36190
453 676 19810
506 855 63790
289 948 59390
122 387 0
471 612 11420
318 782 46980
141 747 88540
231 933 35660
588 704 94210
113 372 69520
240 744 56430
382 739 71840
172 790 26720
240 728 72060
605 860 0
588 651 56510
544 745 0
563 568 0
218 618 20
72 901 82190
528 592 99080
133 512 97110
331 496 32990
316 811 73270
816 942 54940
310 663 0
272 402 35120
538 553 0
307 769 45890
118 604 56020
218 505 9280
312 881 52630
510 792 91020
58 467 62240
59 69 15510
236 972 91040
256 503 84310
359 729 23890
759 903 90170
599 946 94990
216 701 13930
143 175 7130
626 969 39740
506 994 6440
48 247 0
499 926 12040
375 578 55870
466 801 53180
328 332 38820
136 712 33160
85 429 45980
597 643 86320
310 709 76940
189 828 74170
91 342 52640
589 892 60780
450 685 42530
789 804 55460
249 799 0
901 925 42940
831 985 0
259 954 0
683 808 91230
792 975 2470
763 781 0
195 953 53160
4 239 11270
936 953 0
93 177 98220
268 380 72710
24 896 26170
144 201 86130
453 478 20540
662 922 0
181 664 90390
609 834 12740
470 652 87430
195 237 0
452 946 94570
146 253 0
284 969 74240
141 558 23570
58 233 68490
558 853 4680
531 554 11090
221 823 30820
834 873 52270
504 597 0
216 578 0
482 902 48430
490 689 38540
229 415 0
476 589 77230
275 879 91770
242 357 17520
98 899 24680
160 411 30860
382 452 10090
660 770 54810
146 906 46790
29 389 91410
460 549 10240
183 555 83240
93 610 29440
267 904 35530
117 806 53980
550 943 0
417 895 25030
571 643 42840
14 347 0
599 816 52640
487 761 0
532 916 61120
631 755 6260
490 865 62780
130 162 21980
301 326 20820
229 299 30340
149 865 62890
396 880 82030
215 359 76140
685 804 80960
119 257 50160
45 254 17880
450 824 2560
59 577 63020
751 850 26730
692 843 0
247 442 79330
498 916 57360
290 440 29760
238 566 59670
194 763 75180
523 613 59530
17 561 68260
619 853 37410
562 701 98640
95 399 97870
420 865 91880
103 760 61430
61 689 15580
178 590 94380
184 961 0
879 933 93720
444 728 37670
374 813 63340
330 859 74020
280 325 54940
559 893 0
133 356 52770
322 543 80070
188 907 37570
560 806 9440
82 176 26620
139 877 39940
410 608 35160
154 176 14520
571 708 26820
117 860 28030
208 346 37420
78 472 0
385 464 24940
662 678 73290
177 655 8540
313 407 7290
31 908 45390
201 247 24610
43 691 59170
260 764 21240
394 723 33710
332 766 0
232 859 3420
350 373 22730
195 472 960
620 835 7510
51 169 90280
388 621 42670
628 957 32710
15 170 89020
603 988 0
366 378 91660
388 481 15730
718 808 83220
466 751 76040
376 845 79440
821 901 39320
536 959 18410
572 677 19880
92 414 28660
135 205 0
97 214 66640
64 177 87920
891 991 27780
71 410 85570
487 856 980
105 860 1540
30 518 12930
641 774 16840
142 927 28210
398 595 76530
304 961 20540
206 221 15040
192 259 42360
124 393 78610
719 903 74990
666 995 0
3 812 55870
17 34 93920
451 498 36620
65 184 0
458 728 91080
112 590 9410
395 698 13260
45 134 0
257 462 93110
111 784 11410
303 453 13840
183 321 25690
405 458 93940
139 594 68590
177 728 0
463 484 48370
355 981 74820
99 817 70890
292 892 2280
6 284 0
592 854 18170
139 290 42630
67 257 8930
46 722 34170
502 685 90870
30 134 19610
298 886 59270
642 933 9610
435 512 88440
92 131 58620
541 757 57960
818 829 65590
639 797 29720
758 782 33590
6 933 1730
84 146 53530
750 916 5090
733 866 0
42 943 0
387 987 36760
509 517 67610
84 574 0
192 508 0
670 914 0
355 680 97660
407 931 54630
132 405 43220
100 868 38510
807 815 53790
39 744 29910
85 958 34960
496 552 73180
568 571 68210
808 947 70390
458 484 76780
222 970 37220
109 195 34060
582 829 27280
202 442 0
88 617 76470
207 268 45420
152 878 43330
101 802 9420
755 825 0
174 606 56870
605 702 11420
501 764 46010
35 349 38740
729 771 22540
431 991 67720
927 928 59890
185 534 0
368 402 74440
137 885 51640
354 863 53560
514 844 81030
312 860 99160
497 614 61320
20 123 83190
866 895 42130
696 876 81180
390 480 79690
98 283 73770
814 941 38980
161 381 67970
145 395 22110
100 304 41830
116 689 60610
716 965 0
789 949 0
233 767 0
51 243 58940
510 532 20890
788 956 0
209 801 69560
549 863 72590
231 913 50580
110 659 82830
561 996 8540
616 723 66830
284 491 0
506 956 69470
39 625 47440
300 622 53870
717 831 81460
527 612 0
83 367 15140
315 539 60640
39 440 20410
115 916 26770
139 624 57110
309 957 10820
307 325 24920
324 350 99310
660 927 28220
61 903 54640
73 596 73410
119 559 12820
173 869 0
687 983 0
287 556 0
455 478 0
626 695 17660
725 897 22880
884 980 16290
417 961 65660
146 926 10670
25 75 56710
47 443 16670
129 148 1910
317 891 9610
776 809 2780
231 367 37570
239 803 0
663 974 9030
353 643 0
480 493 15120
26 457 0
252 521 92420
231 784 80410
895 966 0
46 789 0
257 844 0
922 936 3210
411 792 23130
540 781 36870
510 512 51630
75 869 32460
227 324 0
367 747 83840
625 786 98940
391 903 56570
56 616 0
416 849 2610
211 614 98010
4 346 19490
46 231 0
709 790 22210
504 704 16920
428 591 0
386 746 0
659 806 90690
502 801 21460
162 966 16790
174 186 17770
597 932 63690
921 928 0
382 909 36560
1 400 17360
378 544 620
879 910 7320
111 882 19760
376 447 83590
281 847 86810
265 551 6570
463 726 45840
256 389 88390
239 824 0
584 796 63610
493 714 32760
125 728 39170
110 968 0
379 420 8060
384 453 61290
606 784 65870
610 934 82470
262 370 13830
204 659 94580
37 658 26130
740 833 74220
361 458 2720
166 753 43110
629 943 34670
77 369 37870
91 123 52560
187 784 0
85 194 23170
383 978 89020
823 979 0
123 852 55270
244 427 38020
52 282 7140
494 570 0
95 943 13960
828 891 63620
251 612 86340
53 531 0
302 695 40740
287 916 66880
5 968 36720
4 881 63820
28 862 89240
69 619 0
123 149 17590
25 846 23630
25 601 98470
636 875 52320
143 782 43360
177 739 0
299 598 25190
221 668 1140
95 734 84220
203 799 78590
235 518 43890
99 470 52330
279 701 55380
3 808 12960
30 845 4770
94 386 56420
426 556 20810
59 464 36160
222 238 94430
518 598 0
5 56 0
70 851 24820
322 989 10620
248 753 81390
402 774 0
915 930 24170
105 166 61590
269 716 57210
165 414 21090
67 415 48920
465 772 6480
103 675 21610
195 433 14090
306 424 19390
479 985 92310
143 463 0
225 848 0
535 688 21590
68 459 60070
478 678 20940
147 516 53730
303 367 26540
671 850 54970
111 619 59210
391 651 79020
322 547 78020
785 995 60380
680 730 81880
539 672 57960
503 977 99630
370 995 0
32 636 16970
186 590 84330
178 667 21910
59 849 16140
43 342 0
146 843 0
35 180 28190
183 633 92340
582 907 0
259 863 0
873 912 0
273 643 65320
509 596 99730
191 486 5620
815 913 8820
382 425 11270
59 613 23760
621 876 40480
141 911 93310
358 686 0
38 410 59880
295 366 29630
12 496 22040
135 259 0
646 657 82590
79 824 69960
374 450 0
882 975 32090
357 846 88070
24 599 80030
101 455 0
433 486 34090
72 819 0
708 934 46680
608 719 98620
629 800 64380
511 566 35570
703 759 0
463 492 21120
67 880 0
355 961 53170
246 838 10610
273 901 98190
403 910 0
475 714 29710
45 429 90430
279 606 15790
69 657 85980
359 775 88890
725 733 0
689 859 20830
486 993 55920
134 684 29190
442 906 14940
668 854 29060
377 928 48240
9 242 0
117 525 81690
389 906 34210
684 694 29310
479 981 58470
476 596 0
529 730 33390
252 570 54740
67 416 0
17 322 15380
175 820 37530
630 767 0
259 633 1520
374 551 61160
454 833 31610
530 915 42180
568 752 0
254 796 69060
133 988 34980
192 349 0
622 623 27110
342 704 0
223 770 22670
146 305 70970
32 971 36560
267 829 11360
189 437 0
149 570 59540
116 163 8190
228 930 70530
105 360 6820
232 387 73690
737 912 57990
21 433 93590
424 696 43030
512 531 0
524 588 85910
284 993 82440
16 370 6630
351 759 71880
1 290 41890
99 338 5530
87 800 24470
71 943 0
551 995 73910
144 264 31210
794 983 67560
71 187 34010
39 297 63560
236 476 59920
749 870 15330
177 581 91030
488 550 0
20 91 41610
351 369 18780
28 423 12590
399 864 0
700 965 0
224 887 61070
310 590 34980
468 622 92860
574 819 96770
784 805 0
519 722 16090
317 720 11210
784 787 90290
399 521 0
126 188 260
136 486 15570
91 675 0
696 703 7240
691 880 15670
380 931 58870
412 774 69630
918 948 66010
786 861 0
76 847 34810
855 917 98340
165 896 25680
324 612 0
901 991 17930
38 139 0
107 656 43360
1 422 0
653 796 65690
12 371 21490
56 337 90640
16 187 69090
57 302 0
363 575 68920
257 429 30360
244 478 11280
164 632 46770
611 825 50680
44 613 50240
611 631 0
22 916 16240
172 688 42880
92 735 0
32 318 1920
534 545 0
555 943 62670
190 777 0
457 508 18130
55 759 0
293 924 60310
476 743 0
434 804 80640
327 378 10290
240 963 72330
276 540 83370
3 747 83640
157 551 27280
565 633 0
379 390 45190
16 944 0
551 570 11640
195 961 95790
152 390 3880
91 894 64590
303 1000 0
249 701 37840
245 775 91270
391 627 0
424 841 95740
288 989 14090
484 768 87460
157 499 22580
443 729 64260
240 645 56470
184 825 0
699 984 87590
237 416 0
588 922 84380
382 774 68480
376 983 48990
29 579 3910
491 637 7340
557 590 99680
120 662 0
740 788 6630
300 687 77020
27 135 92690
733 815 52730
601 955 69590
264 692 0
323 512 0
437 728 75560
442 531 26840
424 976 86540
235 725 46120
172 489 44970
386 679 15730
121 866 89110
225 749 18130
411 912 40920
562 614 26140
263 708 57470
873 989 5060
296 953 45040
93 775 79520
111 487 68210
623 936 0
21 137 46480
545 868 18570
58 301 80560
467 532 0
29 333 14860
46 874 87880
415 510 71560
528 566 95980
317 955 16570
338 615 0
422 744 0
145 570 33180
489 760 46870
374 416 0
581 627 32970
416 897 2090
37 601 82140
218 849 81470
251 995 20210
397 490 33720
390 825 7310
249 943 0
583 611 14710
295 943 32510
851 949 96120
569 982 60710
2 746 88860
414 907 26070
144 668 0
694 817 0
268 746 94960
434 675 42680
282 494 0
257 858 32820
829 972 18620
413 736 0
564 949 0
333 359 53120
184 937 54260
144 250 49120
453 917 15360
32 875 76140
807 879 29590
15 702 11940
284 502 0
183 516 98710
50 197 48030
283 342 30080
591 733 9110
241 904 7130
85 628 81630
192 758 59580
77 705 1810
135 426 0
84 370 73760
241 595 10890
122 203 87320
135 262 0
120 767 90640
378 426 63570
240 424 81910
36 644 45810
65 648 35560
38 94 84040
603 841 0
293 722 46620
283 875 84460
42 816 1420
534 781 10710
89 134 83690
373 512 75080
581 946 64840
62 659 90310
351 842 58360
665 970 72410
593 819 89030
31 936 40010
76 949 44210
322 471 60020
371 698 22170
729 976 65520
177 612 18290
46 995 3560
177 970 61270
76 808 48980
7 737 94160
672 930 0
16 320 1540
615 904 88260
6 775 43590
135 468 36140
380 617 0
326 828 31060
253 597 75210
702 993 52560
456 866 78270
312 549 0
302 977 95830
780 929 0
355 841 17960
555 775 70410
175 748 53840
195 203 370
482 793 35780
622 979 0
56 836 39860
62 86 47780
238 547 81870
476 734 940
600 942 0
55 959 85560
152 277 0
309 874 21830
121 985 0
600 754 28920
310 335 12980
186 606 42960
145 689 13190
59 744 35920
201 906 0
39 975 48390
121 481 20360
589 689 12910
126 628 30970
194 416 1080
649 899 30470
170 592 39370
565 769 61580
526 648 26940
513 568 93030
171 726 51390
28 739 21740
172 422 35880
545 650 70610
47 295 47060
416 1000 0
333 519 91710
314 891 40660
616 621 92210
316 621 66620
843 909 94090
138 212 93630
59 667 96360
354 833 22880
251 390 29320
221 705 69080
617 944 0
532 843 81640
8 467 64510
116 983 58580
262 786 54510
855 995 16210
205 557 43530
213 680 65860
90 897 64070
243 729 68860
529 981 9770
132 821 37020
306 359 62060
845 914 19170
409 540 6770
416 443 18380
277 803 51570
62 898 7880
632 925 65470
435 468 86640
449 519 77370
194 727 30930
355 571 31690
82 479 0
741 945 52960
78 352 90730
1 475 14260
428 978 97410
730 930 41730
781 911 93440
281 665 0
10 132 10980
59 115 21780
659 758 0
209 856 33970
126 832 28840
537 614 0
120 346 0
422 927 0
78 356 85020
5 75 27680
444 923 95410
386 973 0
472 870 60030
524 554 39270
632 851 76510
466 945 0
712 892 61960
651 811 74230
678 957 67320
310 410 92410
41 283 16230
571 760 70060
238 435 0
314 945 3580
138 149 46290
321 483 74480
79 659 0
179 677 90940
245 801 11070
214 310 44960
383 949 47840
845 882 0
697 967 87660
295 994 21340
714 756 18060
288 789 74140
66 337 91810
949 988 0
302 335 34130
11 22 42910
813 885 7710
463 695 5360
783 887 79170
542 843 48530
106 716 7980
216 661 81290
334 399 42110
160 466 93510
185 263 3020
446 858 68870
301 607 88110
205 231 73090
93 726 47690
260 819 0
91 973 21360
164 658 93020
717 861 92660
656 706 77320
89 774 44210
214 338 35480
18 870 0
543 936 68420
132 686 34690
287 527 0
799 945 13890
185 524 40720
446 889 21880
808 879 49630
905 951 0
265 837 71920
67 237 65690
93 688 84790
56 806 69280
46 154 38760
67 545 6020
129 956 70
428 441 21780
526 958 33820
46 923 3740
157 233 53170
736 861 0
626 799 5620
739 861 0
313 714 85010
163 233 83410
79 648 82070
867 965 0
702 893 89980
339 962 86460
277 523 75670
416 924 8330
278 535 0
524 771 26330
443 541 85630
126 866 0
62 518 62380
592 958 0
451 652 67730
125 916 58370
369 701 0
24 760 92880
401 578 75640
568 809 9270
566 999 63490
212 916 41970
53 129 0
164 788 76160
663 882 1480
140 548 0
27 408 5970
55 459 7430
206 957 77580
296 536 52190
618 632 18390
11 982 59830
717 803 0
432 661 15910
81 957 22910
762 891 67170
420 891 15890
347 649 0
201 394 0
237 901 37640
55 964 14280
263 433 68460
415 783 39190
500 708 0
327 869 93930
7 882 63530
247 575 0
180 262 14630
424 528 0
394 701 40320
333 644 59960
705 919 26190
340 969 47390
483 767 29870
656 887 33390
870 950 0
30 84 0
648 659 37580
501 912 54210
321 897 11640
176 806 0
398 630 0
150 209 84730
521 543 0
119 820 0
939 941 30880
766 884 87030
192 792 82320
147 307 0
309 613 67430
407 624 52760
308 526 80320
358 891 29340
778 822 47460
122 524 85390
289 714 0
336 725 20980
140 785 19410
102 709 0
715 895 0
382 573 0
625 826 10530
391 818 95170
659 747 0
66 988 93970
293 396 6440
503 533 47160
578 804 74290
841 980 33260
296 407 0
814 911 95630
336 895 46190
487 778 92790
265 919 0
486 956 67880
135 225 0
216 478 81230
594 640 38420
182 258 8130
230 848 96470
78 538 0
300 695 0
22 197 23760
27 411 45740
44 971 14820
520 568 0
363 759 13780
139 613 92520
532 822 30070
613 829 12310
96 514 0
721 745 82570
4 458 72940
124 761 70520
353 792 59490
150 636 24910
86 367 30210
387 658 0
239 642 12160
459 737 70240
285 300 46730
927 966 0
17 593 0
180 221 0
763 775 0
469 927 31320
26 950 88570
25 290 95510
682 714 64620
101 626 2560
159 177 0
273 452 87990
334 447 81720
982 989 6910
581 981 0
78 535 3110
546 805 85590
158 436 93910
20 536 0
377 523 50190
100 383 87780
252 853 0
58 933 42930
64 140 0
234 260 97110
136 225 67410
310 605 61280
558 961 22560
98 205 9740
505 879 41130
214 955 5570
712 872 74990
10 597 32230
792 989 11530
377 995 56920
156 539 0
393 515 91610
421 872 45910
216 229 41090
334 645 0
453 522 10840
689 994 62760
172 374 75590
529 887 11970
399 780 93020
585 653 23680
571 635 27580
690 964 14230
35 82 61930
364 831 49610
142 627 19380
224 300 24960
24 624 7170
15 834 88160
271 971 80040
871 874 37630
54 609 74170
207 968 55060
450 756 24580
127 290 24040
195 794 30160
547 816 33580
480 925 95310
497 893 41490
299 838 51780
64 196 0
224 595 56790
761 961 53820
100 266 6740
23 99 75580
256 896 60740
585 834 92280
742 884 0
415 868 72810
109 477 69860
38 402 0
259 892 4790
715 761 0
313 684 0
357 400 91460
1 163 50410
513 967 38770
411 804 0
155 338 0
379 738 37820
389 595 19090
296 634 32840
244 489 73210
783 939 0
330 599 8860
205 512 0
237 831 62970
790 844 48370
343 565 0
155 992 67940
359 393 77410
414 478 74670
23 640 0
35 785 36960
503 968 69160
476 577 95610
254 449 0
21 539 89820
199 668 50080
143 373 91710
560 901 71520
691 942 93990
169 478 19810
759 821 80230
287 694 0
310 695 55440
531 537 30710
17 288 62570
5 783 1410
73 492 39460
360 427 82620
552 929 74690
596 837 29760
254 834 72810
869 966 71430
118 311 0
189 521 15310
206 512 96670
302 714 33490
448 918 55760
103 423 66730
607 825 0
327 424 88470
412 600 98290
56 537 47830
88 778 15430
158 652 26080
264 774 92710
373 468 95510
638 784 14290
117 859 33210
468 979 26870
48 507 66620
3 641 0
46 225 59520
268 539 73090
525 975 61130
304 585 92930
144 873 49470
340 845 0
152 844 0
401 795 0
437 543 0
161 438 4380
331 981 0
167 279 62910
20 858 0
359 429 29740
617 875 0
507 926 69530
789 901 33510
267 436 0
18 413 35760
270 289 66290
150 261 88670
469 839 93410
14 445 74380
87 835 79710
128 382 3280
325 402 43420
149 310 71410
298 631 85010
291 382 46960
234 539 70940
455 983 11380
373 420 43610
113 585 4710
680 873 86470
100 853 38010
165 747 98030
591 849 54940
271 871 9610
60 379 93780
367 440 48060
892 964 57870
540 687 12990
285 824 40710
146 497 76330
554 782 91880
450 619 57580
278 334 1390
712 814 14910
378 976 23510
518 896 53590
860 889 62870
86 580 21570
278 583 33130
430 558 14070
876 911 0
136 667 47920
559 650 69120
243 692 0
22 607 40290
813 911 95660
467 681 0
183 995 28630
408 879 15760
453 687 75960
255 688 16130
322 606 0
59 840 17170
444 713 53590
214 755 13170
244 664 11560
499 905 42380
537 553 91130
206 613 4910
587 922 98530
729 906 46690
277 539 90560
3 762 73920
43 695 42360
20 789 85390
241 782 0
471 754 0
44 318 84660
69 87 0
738 865 27440
544 820 85710
145 158 60960
92 464 79320
633 911 0
12 834 52140
176 303 53390
70 595 38660
118 337 0
373 503 95980
128 154 0
35 394 26480
754 836 0
135 508 0
295 392 16570
447 639 99920
305 832 57180
244 727 73610
201 496 20370
335 336 59770
592 943 0
125 557 3690
520 876 0
355 411 85870
719 744 30040
230 676 60530
198 976 0
498 884 30910
506 949 40590
243 495 70910
264 542 94120
826 976 81770
26 390 88310
4 932 34540
139 968 95560
54 703 15930
448 491 0
348 559 0
377 604 79330
936 975 20370
598 699 0
236 286 81590
367 643 98140
562 766 97020
665 933 51360
564 911 0
62 748 0
153 597 630
6 215 50570
301 426 84710
96 108 31030
428 626 19770
577 672 51840
644 869 73320
402 941 0
406 748 72610
221 849 0
64 628 41640
137 578 0
48 682 410
147 878 0
255 712 51790
170 427 26860
870 983 89410
290 522 94040
638 852 60340
634 910 76980
581 914 42370
667 889 74760
525 643 480
561 927 0
6 182 8920
114 493 43810
227 853 96080
305 886 12980
670 769 31790
897 923 76130
225 845 56960
611 900 51020
415 593 86370
299 641 7390
21 827 95660
105 557 27110
657 993 82720
422 477 0
208 883 10720
11 910 17280
125 736 0
211 242 0
245 717 14310
76 999 0
187 747 0
341 446 39390
404 665 10860
515 852 33890
726 804 82760
153 433 10380
760 958 0
128 368 17440
241 989 790
124 946 2760
703 948 91790
451 532 48670
296 825 0
42 797 98010
603 785 14120
297 783 20640
32 697 15040
2 463 83560
648 920 0
413 954 93340
377 903 0
311 833 0
210 268 78670
329 760 72660
370 484 47060
422 750 6820
781 922 67720
525 683 32480
98 497 26760
11 567 94210
413 895 0
890 985 0
118 369 0
420 697 0
188 471 67040
131 654 97380
799 979 67810
718 786 65720
276 484 6530
108 794 55570
363 518 0
568 749 46520
257 856 87270
503 837 0
667 679 0
9 618 93120
99 283 16570
31 584 75160
73 583 60960
362 493 65320
172 366 49380
27 232 91610
418 720 71130
269 947 0
151 588 0
24 755 55340
209 684 75180
38 581 55030
313 319 53660
95 415 70080
109 530 78820
152 546 70110
430 646 48640
195 291 0
145 795 44720
358 935 41540
581 961 0
621 870 73180
99 114 10060
359 612 80520
171 896 66340
820 951 21920
378 823 0
339 730 66180
478 784 96220
678 801 63010
280 584 77570
141 710 34960
120 514 16970
619 760 20920
360 789 92790
790 824 89210
354 573 0
299 761 80740
802 951 62130
515 807 98280
819 971 29990
11 258 0
118 776 0
833 992 97170
694 853 51310
376 900 10280
129 906 55320
755 798 71310
564 961 24560
684 900 880
565 661 42640
929 991 66720
82 420 57120
413 821 19080
290 392 0
418 981 97610
121 167 99060
87 471 27920
256 267 71940
337 472 73990
659 971 61310
14 752 13590
232 648 0
621 983 34680
148 785 0
445 697 7380
100 796 81460
683 926 62310
235 885 8260
110 646 55210
475 900 4170
302 593 30580
340 395 52420
901 912 97360
240 731 97480
150 419 57640
85 301 64660
275 940 80960
417 762 54920
264 734 87920
673 974 77140
707 847 34240
22 400 340
66 392 47210
490 802 16030
365 741 24140
106 722 97790
393 504 0
305 645 32030
843 987 21630
37 960 91910
62 207 93020
104 164 63310
621 724 51630
651 907 69990
262 533 74940
494 566 28490
150 893 92480
296 865 0
252 279 53120
167 511 91990
363 700 79280
16 799 66320
265 909 34080
60 767 97910
301 734 0
439 673 61430
375 603 98170
25 584 68910
24 826 81830
199 540 45460
695 991 84030
181 858 43470
663 968 0
190 962 38570
146 350 87820
177 607 20170
97 644 0
644 852 64580
99 649 85460
170 987 47780
393 508 47660
191 423 76760
241 487 99220
534 847 12620
390 936 15990
680 747 80930
786 909 75840
105 828 74190
668 836 21390
200 704 77030
722 994 89980
824 950 39310
13 321 46780
290 360 87710
779 881 84520
449 654 65560
328 800 92720
193 214 55260
755 975 180
232 854 59710
410 655 69020
401 904 42170
153 814 0
287 670 29760
512 597 79810
23 362 96940
740 997 57740
112 299 35180
60 529 8590
702 971 46980
644 745 78780
585 732 20570
320 797 18920
354 690 58590
81 680 79410
308 907 44430
220 923 67090
450 924 83660
366 577 0
385 404 0
13 934 17360
185 233 9220
623 988 18370
270 559 47030
174 755 80770
357 988 23360
159 900 18220
234 795 45490
414 772 73190
240 816 38520
331 887 0
173 373 33320
402 602 0
114 294 0
136 435 0
359 381 35290
562 750 74030
81 655 95070
520 707 84780
574 1000 47560
87 606 11340
299 390 29480
17 953 9930
12 27 0
636 687 57930
56 873 9260
402 723 14440
280 570 35230
59 862 0
772 832 11990
551 555 20970
211 464 34170
223 451 33810
365 995 99980
309 644 70060
312 424 0
667 686 4370
584 809 96020
94 602 64430
13 547 0
412 616 59870
254 343 90080
431 646 78510
517 999 92310
329 759 47180
484 953 75560
298 957 0
447 860 84430
421 692 460
320 736 49010
197 594 61410
298 385 39690
129 513 43570
47 247 10780
63 841 64320
446 519 55990
521 621 37230
485 830 67490
132 820 11980
91 975 16280
490 959 91370
141 906 67410
632 643 56080
212 960 63940
357 472 63740
721 733 47140
343 477 86040
165 569 96320
479 583 73520
13 870 49420
434 963 90570
63 740 22860
197 488 0
214 496 32460
469 612 92590
288 975 0
192 241 0
548 762 28320
251 485 34080
300 380 57690
292 565 52980
135 820 32360
103 457 48030
102 550 27090
90 432 92410
464 854 6860
269 446 46730
234 865 6680
71 101 95340
657 947 81360
152 590 0
304 656 19310
474 807 97130
799 914 79790
106 606 3260
17 430 57690
276 609 7240
316 597 44860
282 816 97180
468 566 8810
343 901 0
43 306 11690
342 394 0
400 996 0
241 461 0
491 994 62770
414 428 92310
229 293 48040
135 184 99690
587 848 3440
860 930 85070
342 393 0
43 248 0
504 911 75130
645 735 1660
466 725 32380
348 712 0
64 310 87190
119 769 0
668 896 31580
449 643 0
724 736 0
381 883 42690
549 747 89030
639 994 0
79 302 93810
864 894 0
352 894 25940
142 302 41460
438 966 21140
337 902 34630
669 798 12010
53 548 80940
245 301 0
165 172 93980
852 928 33670
209 696 57880
267 268 93930
52 352 320
180 336 0
339 606 61320
361 787 58070
94 850 63360
37 777 55840
153 861 50710
859 952 0
879 904 55760
531 989 99290
55 681 41490
423 773 50780
16 382 61390
348 616 81820
132 917 98570
125 469 78240
629 981 45930
284 674 0
20 511 52880
260 438 9680
353 679 89180
372 737 0
23 441 72880
510 579 0
582 877 57480
858 996 61120
632 933 74740
240 903 79340
366 930 42440
233 751 91680
698 993 24430
414 423 78340
189 348 86610
157 205 99230
106 320 44720
428 915 50990
154 943 65330
70 368 78760
413 640 95280
24 288 24890
486 746 0
245 353 44980
92 352 0
555 740 51020
529 693 72090
108 350 67180
203 264 8530
135 891 0
35 81 28170
83 875 0
215 630 0
383 972 15870
431 923 96780
689 782 0
376 426 95130
295 769 29120
309 357 52860
99 990 15940
292 579 61140
291 399 96470
192 674 17970
330 510 96080
514 758 51690
113 624 37190
163 500 75480
87 315 0
328 460 0
552 894 82860
141 420 55020
34 879 0
143 438 6730
407 502 21860
274 329 38780
822 824 58180
95 552 43670
284 695 24020
294 400 1920
497 871 35710
556 593 15270
141 818 91470
366 413 84370
282 793 0
237 326 0
128 215 73960
271 782 43140
707 810 0
109 598 0
229 912 35320
309 605 30910
402 865 84930
124 451 18060
148 306 78930
17 487 35140
400 454 24960
242 512 89070
414 967 22290
221 340 58090
215 779 96760
474 781 16570
739 934 71610
516 960 79970
709 728 88460
61 72 1290
785 792 82140
182 637 39170
124 653 0
362 399 46080
135 949 0
420 610 3580
280 696 17180
382 664 0
132 214 7480
314 854 0
416 980 96560
461 857 0
266 784 48620
299 973 0
332 916 90140
140 153 3990
361 952 0
141 743 15660
193 503 54680
743 963 72670
492 677 66390
392 449 13570
509 955 56280
452 943 37360
445 575 58430
222 700 46420
224 267 33680
119 594 35740
473 483 9710
233 651 37120
134 575 4310
465 980 0
89 130 52330
223 761 80810
325 964 82830
46 957 79560
900 915 40470
411 488 91960
275 550 43820
621 825 93020
224 683 85690
342 531 41110
317 678 12220
7 707 8130
385 586 11710
3 378 41380
644 958 3910
317 449 7470
20 926 25180
401 574 62870
305 655 50490
410 806 27130
600 822 71590
25 861 21010
740 825 35480
39 403 35790
349 377 51310
425 831 38340
66 664 0
116 503 80960
178 743 22010
18 322 41860
474 815 82710
275 859 82020
455 747 61660
531 846 760
59 623 32830
441 506 4430
647 736 0